0.13344853922652752
0.12337150473223583
0.12328258773593828
0.06590638383722673
0.029659926667988803
0.016461949006077725
0.013657703510375006
0.013657703510375006
0.011961340854753724
0.011961340854753724
0.0069834756785033475
0.006979609722142585
0.006979609722142585
0.006979609722142585
0.006979609722142585
0.006894558682205795
0.006894558682205795
0.006894558682205795
0.006894558682205795
0.006894558682205795
0.006894558682205795
0.006894558682205795
0.006894558682205795
0.006894558682205795
0.006894558682205795
0.006894558682205795
0.006894558682205795
0.006894558682205795
0.006894558682205795
0.006894558682205795
0.006894558682205795
0.006894558682205795
0.006894558682205795
0.006894558682205795
0.006894558682205795
0.006894558682205795
0.006894558682205795
0.006894558682205795
0.006894558682205795
0.006894558682205795
0.004696383085366324
0.004634612264486515
0.004329111922284549
0.004329111922284549
0.004174686272525218
0.004174686272525218
0.004174686272525218
0.003907402040489401
0.00389518914502691
0.0038881831238112615
0.003802569881191823
0.003802569881191823
0.003802569881191823
0.003802569881191823
0.003724490894475724
0.003724490894475724
0.003724490894475724
0.003724490894475724
0.003724490894475724
0.0036985288420104193
0.0036985288420104193
0.0036985288420104193
0.0036985288420104193
0.0023093871203917126
0.0022128348520121357
0.0019468269020780774
0.0019468269020780774
0.0019468269020780774
0.0019468269020780774
0.0019468269020780774
0.0016826567068249378
0.0016826567068249378
0.0016826567068249378
0.0016826567068249378
0.0015655525181305246
0.0014723649981346063
0.0014484483294361114
0.0014335361504255418
0.0013801713907343033
0.0013014510527989721
0.0013014510527989721
0.0013014510527989721
0.0013014510527989721
0.0013014510527989721
0.0013014510527989721
0.0013014510527989721
0.0013014510527989721
0.0013014510527989721
0.0013014510527989721
0.0013014510527989721
0.0013014510527989721
0.0013014510527989721
0.0013014510527989721
0.0013014510527989721
0.0013014510527989721
0.0013014510527989721
0.0013014510527989721
0.0013014510527989721
0.0013014510527989721
0.0013014510527989721
0.0013014510527989721
0.0013014510527989721
0.0013014510527989721
0.0013014510527989721
0.0013014510527989721
0.0013014510527989721
0.0013014510527989721
0.0013014510527989721
0.0013014510527989721
0.0013014510527989721
0.0013014510527989721
0.0013014510527989721
0.0013014510527989721
0.0013014510527989721
0.0013014510527989721
0.0013014510527989721
0.0013014510527989721
0.0013014510527989721
0.0013014510527989721
0.0013014510527989721
0.0013014510527989721
0.0013014510527989721
0.0013014510527989721
0.0013014510527989721
0.0013014510527989721
0.0013014510527989721
0.0012257457409749722
0.0011843468641045587
0.0011843468641045587
0.0011843468641045587
0.0011843468641045587
0.0011843468641045587
0.0011843468641045587
0.0011843468641045587
0.0011843468641045587
0.0011843468641045587
0.0010911593441086404
0.0010911593441086404
0.0010911593441086404
0.0010911593441086404
0.0010911593441086404
0.0010911593441086404
0.0010911593441086404
0.0010839376281085434
0.0010839376281085434
0.0010839376281085434
0.0010839376281085434
0.0010839376281085434
0.0010839376281085434
0.0010839376281085434
0.0010839376281085434
0.0010839376281085434
0.0010839376281085434
0.0010134443574825952
0.0009668448781278007
0.0009668448781278007
0.0009668448781278007
0.0009668448781278007
0.0009668448781278007
0.0009668448781278007
0.0009668448781278007
0.0009668448781278007
0.0009668448781278007
